# LOCK REQUIRED: regenerate this file on a desktop_mid GPU host before local
# CI validation. Use:
#   scripts/ci_local.sh lock desktop_mid
version=1
tier=desktop_mid

[v2_compile]
latency_p50_ms_max=0.001000
latency_p95_ms_max=0.001000
frame_time_p50_ms_max=0.001000
frame_time_p95_ms_max=0.001000
throughput_p50_fps_min=1000000.000000
throughput_p95_fps_min=1000000.000000

[v2_still]
latency_p50_ms_max=0.001000
latency_p95_ms_max=0.001000
frame_time_p50_ms_max=0.001000
frame_time_p95_ms_max=0.001000
throughput_p50_fps_min=1000000.000000
throughput_p95_fps_min=1000000.000000

[v2_animation]
latency_p50_ms_max=0.001000
latency_p95_ms_max=0.001000
frame_time_p50_ms_max=0.001000
frame_time_p95_ms_max=0.001000
throughput_p50_fps_min=1000000.000000
throughput_p95_fps_min=1000000.000000
