# covergen cutover thresholds
# generated from benchmark metrics with locked multipliers
version=1
tier=laptop_integrated

[v2_animation]
latency_p50_ms_max=16109.581180
latency_p95_ms_max=18733.389255
frame_time_p50_ms_max=66.859100
frame_time_p95_ms_max=106.943675
throughput_p50_fps_min=12.361630
throughput_p95_fps_min=12.539186

[v2_still]
latency_p50_ms_max=2179.555180
latency_p95_ms_max=2704.321485
frame_time_p50_ms_max=0.000000
frame_time_p95_ms_max=0.000000
throughput_p50_fps_min=0.469046
throughput_p95_fps_min=0.470633

[v2_compile]
latency_p50_ms_max=1.593130
latency_p95_ms_max=1.801705
frame_time_p50_ms_max=0.000000
frame_time_p95_ms_max=0.000000
throughput_p50_fps_min=640.356372
throughput_p95_fps_min=653.452407

